0.020 -0.028386  0.000000  0.028386 -0.029336  0.000000  0.029336 -0.000118 -0.000079 -0.000040 -0.027885  0.000000  0.027885
0.030 -0.028386  0.000000  0.028386 -0.029336  0.000000  0.029336 -0.000284 -0.000192 -0.000099 -0.027885  0.000000  0.027885
0.040 -0.028386  0.000000  0.028386  0.000023  0.000032  0.000041 -0.000463 -0.000310 -0.000157 -0.027885  0.000000  0.027885
0.050 -0.028386  0.000000  0.028386 -0.000231 -0.000131 -0.000030 -0.000656 -0.000436 -0.000216 -0.027885  0.000000  0.027885
0.060 -0.028386  0.000000  0.028386 -0.000545 -0.000341 -0.000137 -0.000865 -0.000571 -0.000277 -0.027885  0.000000  0.027885
0.070  0.000042  0.000077  0.000113 -0.000891 -0.000572 -0.000253 -0.001094 -0.000718 -0.000341 -0.027885  0.000000  0.027885
0.080 -0.000286 -0.000121  0.000045 -0.001273 -0.000826 -0.000379 -0.001345 -0.000877 -0.000409 -0.027885  0.000000  0.027885
0.090 -0.000719 -0.000407 -0.000094 -0.001693 -0.001105 -0.000516 -0.001620 -0.001051 -0.000482 -0.027885  0.000000  0.027885
0.100 -0.001209 -0.000733 -0.000256 -0.002155 -0.001411 -0.000667 -0.001923 -0.001243 -0.000562 -0.027885  0.000000  0.027885
0.110 -0.001754 -0.001096 -0.000438 -0.002663 -0.001748 -0.000833 -0.002256 -0.001453 -0.000651  0.000009  0.000125  0.000241
0.120 -0.002356 -0.001498 -0.000640 -0.003219 -0.002118 -0.001016 -0.002622 -0.001686 -0.000749 -0.000448 -0.000147  0.000155
0.130 -0.003018 -0.001941 -0.000864 -0.003830 -0.002523 -0.001217 -0.003026 -0.001943 -0.000859 -0.001047 -0.000536 -0.000026
0.140 -0.003746 -0.002429 -0.001113 -0.004498 -0.002968 -0.001439 -0.003471 -0.002226 -0.000982 -0.001737 -0.000994 -0.000250
0.150 -0.004543 -0.002965 -0.001387 -0.005229 -0.003456 -0.001683 -0.003960 -0.002540 -0.001120 -0.002511 -0.001511 -0.000511
0.160 -0.005415 -0.003552 -0.001689 -0.006027 -0.003989 -0.001952 -0.004498 -0.002886 -0.001274 -0.003368 -0.002087 -0.000805
0.170 -0.006366 -0.004194 -0.002022 -0.006896 -0.004572 -0.002248 -0.005089 -0.003268 -0.001447 -0.004313 -0.002723 -0.001134
0.180 -0.007401 -0.004894 -0.002387 -0.007842 -0.005208 -0.002574 -0.005736 -0.003689 -0.001641 -0.005349 -0.003423 -0.001498
0.190 -0.008524 -0.005655 -0.002786 -0.008869 -0.005899 -0.002930 -0.006446 -0.004152 -0.001857 -0.006480 -0.004190 -0.001901
0.200 -0.009742 -0.006482 -0.003223 -0.009981 -0.006650 -0.003320 -0.007222 -0.004660 -0.002098 -0.007711 -0.005028 -0.002344
0.210 -0.011058 -0.007378 -0.003698 -0.011185 -0.007465 -0.003745 -0.008068 -0.005217 -0.002367 -0.009047 -0.005938 -0.002829
0.220 -0.012476 -0.008345 -0.004214 -0.012483 -0.008345 -0.004207 -0.008991 -0.005827 -0.002664 -0.010493 -0.006926 -0.003358
0.230 -0.014001 -0.009387 -0.004773 -0.013881 -0.009295 -0.004709 -0.009993 -0.006493 -0.002992 -0.012052 -0.007993 -0.003934
0.240 -0.015637 -0.010506 -0.005376 -0.015381 -0.010317 -0.005252 -0.011081 -0.007217 -0.003353 -0.013728 -0.009142 -0.004556
0.250 -0.017385 -0.011705 -0.006025 -0.016989 -0.011413 -0.005838 -0.012257 -0.008004 -0.003750 -0.015524 -0.010376 -0.005228
0.260 -0.019250 -0.012985 -0.006720 -0.018705 -0.012586 -0.006467 -0.013527 -0.008856 -0.004184 -0.017442 -0.011696 -0.005950
0.270 -0.021231 -0.014347 -0.007464 -0.020533 -0.013837 -0.007142 -0.014895 -0.009776 -0.004656 -0.019485 -0.013104 -0.006723
0.280 -0.023331 -0.015793 -0.008255 -0.022475 -0.015168 -0.007861 -0.016363 -0.010766 -0.005169 -0.021652 -0.014599 -0.007547
0.290 -0.025547 -0.017320 -0.009093 -0.024529 -0.016578 -0.008627 -0.017934 -0.011829 -0.005723 -0.023942 -0.016182 -0.008422
0.300 -0.027880 -0.018929 -0.009978 -0.026696 -0.018067 -0.009438 -0.019610 -0.012965 -0.006320 -0.026355 -0.017850 -0.009346
0.310 -0.030325 -0.020617 -0.010910 -0.028974 -0.019634 -0.010293 -0.021392 -0.014176 -0.006959 -0.028885 -0.019602 -0.010320
0.320 -0.032879 -0.022381 -0.011884 -0.031359 -0.021275 -0.011192 -0.023281 -0.015461 -0.007641 -0.031529 -0.021434 -0.011339
0.330 -0.035534 -0.024217 -0.012900 -0.033846 -0.022989 -0.012132 -0.025273 -0.016819 -0.008365 -0.034280 -0.023341 -0.012403
0.340 -0.038285 -0.026119 -0.013954 -0.036430 -0.024770 -0.013110 -0.027368 -0.018249 -0.009131 -0.037130 -0.025318 -0.013506
0.350 -0.041121 -0.028081 -0.015041 -0.039102 -0.026612 -0.014122 -0.029560 -0.019747 -0.009935 -0.040068 -0.027356 -0.014645
0.360 -0.044031 -0.030094 -0.016158 -0.041852 -0.028509 -0.015166 -0.031843 -0.021309 -0.010775 -0.043083 -0.029449 -0.015815
0.370 -0.047003 -0.032151 -0.017298 -0.044669 -0.030452 -0.016235 -0.034210 -0.022930 -0.011649 -0.046162 -0.031586 -0.017009
0.380 -0.050024 -0.034240 -0.018456 -0.047541 -0.032433 -0.017324 -0.036651 -0.024601 -0.012552 -0.049290 -0.033756 -0.018222
0.390 -0.053077 -0.036351 -0.019625 -0.050453 -0.034440 -0.018428 -0.039155 -0.026316 -0.013478 -0.052452 -0.035949 -0.019446
0.400 -0.056147 -0.038473 -0.020798 -0.053388 -0.036463 -0.019539 -0.041707 -0.028065 -0.014423 -0.055629 -0.038152 -0.020675
0.410 -0.059216 -0.040592 -0.021968 -0.056331 -0.038490 -0.020650 -0.044294 -0.029837 -0.015380 -0.058805 -0.040352 -0.021899
0.420 -0.062266 -0.042696 -0.023127 -0.059264 -0.040509 -0.021753 -0.046900 -0.031620 -0.016341 -0.061959 -0.042536 -0.023112
0.430 -0.065279 -0.044773 -0.024267 -0.062168 -0.042505 -0.022842 -0.049505 -0.033403 -0.017300 -0.065075 -0.044690 -0.024304
0.440 -0.068237 -0.046808 -0.025380 -0.065026 -0.044466 -0.023907 -0.052093 -0.035171 -0.018248 -0.068133 -0.046801 -0.025469
0.450 -0.071121 -0.048790 -0.026459 -0.067818 -0.046380 -0.024942 -0.054644 -0.036911 -0.019178 -0.071114 -0.048856 -0.026597
0.460 -0.073915 -0.050706 -0.027496 -0.070528 -0.048233 -0.025939 -0.057138 -0.038610 -0.020081 -0.074003 -0.050843 -0.027683
0.470 -0.076603 -0.052544 -0.028484 -0.073138 -0.050014 -0.026890 -0.059558 -0.040254 -0.020949 -0.076781 -0.052749 -0.028717
0.480 -0.079169 -0.054293 -0.029418 -0.075633 -0.051711 -0.027789 -0.061885 -0.041830 -0.021775 -0.079435 -0.054565 -0.029695
0.490 -0.081600 -0.055946 -0.030291 -0.077998 -0.053314 -0.028630 -0.064102 -0.043326 -0.022550 -0.081951 -0.056281 -0.030610
0.500 -0.083885 -0.057492 -0.031099 -0.080221 -0.054815 -0.029409 -0.066193 -0.044732 -0.023270 -0.084318 -0.057888 -0.031458
0.510 -0.086014 -0.058926 -0.031837 -0.082292 -0.056205 -0.030119 -0.068146 -0.046037 -0.023927 -0.086526 -0.059380 -0.032235
0.520 -0.087979 -0.060241 -0.032503 -0.084201 -0.057479 -0.030758 -0.069948 -0.047233 -0.024518 -0.088567 -0.060752 -0.032937
0.530 -0.089775 -0.061434 -0.033093 -0.085942 -0.058633 -0.031323 -0.071590 -0.048314 -0.025038 -0.090438 -0.062000 -0.033562
0.540 -0.091398 -0.062502 -0.033607 -0.087512 -0.059662 -0.031811 -0.073066 -0.049275 -0.025484 -0.092133 -0.063121 -0.034109
0.550 -0.092846 -0.063445 -0.034043 -0.088907 -0.060565 -0.032223 -0.074371 -0.050113 -0.025854 -0.093652 -0.064114 -0.034577
0.560 -0.094119 -0.064261 -0.034402 -0.090127 -0.061343 -0.032558 -0.075503 -0.050826 -0.026148 -0.094994 -0.064980 -0.034966
0.570 -0.095219 -0.064952 -0.034685 -0.091174 -0.061995 -0.032816 -0.076462 -0.051414 -0.026365 -0.096162 -0.065720 -0.035278
0.580 -0.096149 -0.065521 -0.034892 -0.092050 -0.062524 -0.032999 -0.077251 -0.051879 -0.026507 -0.097159 -0.066336 -0.035514
0.590 -0.096914 -0.065970 -0.035026 -0.092759 -0.062934 -0.033109 -0.077872 -0.052223 -0.026574 -0.097989 -0.066832 -0.035675
0.600 -0.097519 -0.066304 -0.035088 -0.093308 -0.063228 -0.033147 -0.078331 -0.052451 -0.026570 -0.098659 -0.067212 -0.035764
0.610 -0.097971 -0.066527 -0.035083 -0.093704 -0.063410 -0.033117 -0.078636 -0.052567 -0.026497 -0.099175 -0.067480 -0.035785
0.620 -0.098277 -0.066645 -0.035013 -0.093952 -0.063487 -0.033022 -0.078795 -0.052576 -0.026358 -0.099543 -0.067642 -0.035740
0.630 -0.098445 -0.066663 -0.034881 -0.094062 -0.063464 -0.032865 -0.078814 -0.052486 -0.026157 -0.099773 -0.067703 -0.035632
0.640 -0.098482 -0.066587 -0.034691 -0.094042 -0.063346 -0.032650 -0.078705 -0.052302 -0.025899 -0.099872 -0.067669 -0.035466
0.650 -0.098398 -0.066422 -0.034446 -0.093901 -0.063141 -0.032380 -0.078475 -0.052031 -0.025586 -0.099847 -0.067546 -0.035244
0.660 -0.098201 -0.066176 -0.034150 -0.093647 -0.062853 -0.032060 -0.078136 -0.051679 -0.025223 -0.099709 -0.067340 -0.034971
0.670 -0.097899 -0.065853 -0.033807 -0.093289 -0.062490 -0.031692 -0.077696 -0.051255 -0.024814 -0.099465 -0.067057 -0.034650
0.680 -0.097501 -0.065461 -0.033420 -0.092835 -0.062058 -0.031281 -0.077164 -0.050763 -0.024362 -0.099122 -0.066704 -0.034285
0.690 -0.097014 -0.065003 -0.032993 -0.092295 -0.061562 -0.030829 -0.076550 -0.050211 -0.023873 -0.098690 -0.066284 -0.033879
0.700 -0.096447 -0.064487 -0.032528 -0.091675 -0.061009 -0.030342 -0.075862 -0.049606 -0.023350 -0.098176 -0.065805 -0.033435
0.710 -0.095806 -0.063918 -0.032029 -0.090985 -0.060403 -0.029821 -0.075108 -0.048952 -0.022795 -0.097587 -0.065272 -0.032956
0.720 -0.095100 -0.063300 -0.031500 -0.090230 -0.059750 -0.029270 -0.074297 -0.048255 -0.022213 -0.096931 -0.064689 -0.032447
0.730 -0.094334 -0.062639 -0.030943 -0.089419 -0.059056 -0.028692 -0.073436 -0.047521 -0.021606 -0.096213 -0.064061 -0.031908
0.740 -0.093515 -0.061938 -0.030361 -0.088557 -0.058324 -0.028090 -0.072530 -0.046754 -0.020978 -0.095441 -0.063393 -0.031344
0.750 -0.092650 -0.061203 -0.029756 -0.087650 -0.057558 -0.027466 -0.071587 -0.045959 -0.020331 -0.094620 -0.062689 -0.030757
0.760 -0.091742 -0.060436 -0.029130 -0.086705 -0.056764 -0.026823 -0.070612 -0.045140 -0.019668 -0.093756 -0.061953 -0.030149
0.770 -0.090798 -0.059643 -0.028487 -0.085726 -0.055944 -0.026163 -0.069610 -0.044301 -0.018991 -0.092853 -0.061188 -0.029523
0.780 -0.089823 -0.058825 -0.027828 -0.084717 -0.055103 -0.025488 -0.068586 -0.043444 -0.018302 -0.091916 -0.060398 -0.028880
0.790 -0.088819 -0.057987 -0.027155 -0.083684 -0.054243 -0.024801 -0.067545 -0.042574 -0.017603 -0.090951 -0.059586 -0.028222
0.800 -0.087793 -0.057131 -0.026469 -0.082631 -0.053366 -0.024101 -0.066489 -0.041692 -0.016895 -0.089959 -0.058755 -0.027551
0.810 -0.086747 -0.056260 -0.025773 -0.081560 -0.052476 -0.023393 -0.065423 -0.040802 -0.016181 -0.088947 -0.057908 -0.026869
0.820 -0.085684 -0.055376 -0.025068 -0.080475 -0.051576 -0.022676 -0.064349 -0.039905 -0.015461 -0.087915 -0.057046 -0.026178
0.830 -0.084607 -0.054481 -0.024354 -0.079380 -0.050666 -0.021952 -0.063270 -0.039003 -0.014737 -0.086869 -0.056173 -0.025477
0.840 -0.083520 -0.053577 -0.023634 -0.078276 -0.049749 -0.021222 -0.062189 -0.038099 -0.014010 -0.085810 -0.055290 -0.024770
0.850 -0.082424 -0.052666 -0.022908 -0.077167 -0.048827 -0.020488 -0.061107 -0.037194 -0.013280 -0.084740 -0.054398 -0.024056
0.860 -0.081323 -0.051750 -0.022178 -0.076054 -0.047902 -0.019750 -0.060027 -0.036288 -0.012549 -0.083663 -0.053500 -0.023337
0.870 -0.080217 -0.050830 -0.021444 -0.074939 -0.046974 -0.019010 -0.058950 -0.035384 -0.011818 -0.082580 -0.052597 -0.022613
0.880 -0.079109 -0.049908 -0.020707 -0.073823 -0.046045 -0.018267 -0.057878 -0.034482 -0.011087 -0.081493 -0.051690 -0.021887
0.890 -0.078000 -0.048984 -0.019968 -0.072710 -0.045116 -0.017523 -0.056811 -0.033584 -0.010356 -0.080404 -0.050780 -0.021157
0.900 -0.076891 -0.048059 -0.019227 -0.071599 -0.044189 -0.016779 -0.055752 -0.032689 -0.009626 -0.079313 -0.049869 -0.020425
0.910 -0.075785 -0.047135 -0.018485 -0.070492 -0.043263 -0.016034 -0.054700 -0.031799 -0.008898 -0.078224 -0.048958 -0.019692
0.920 -0.074681 -0.046212 -0.017743 -0.069390 -0.042340 -0.015289 -0.053656 -0.030914 -0.008173 -0.077135 -0.048047 -0.018958
0.930 -0.073582 -0.045291 -0.017001 -0.068293 -0.041420 -0.014546 -0.052622 -0.030035 -0.007449 -0.076049 -0.047137 -0.018224
0.940 -0.072487 -0.044373 -0.016259 -0.067203 -0.040503 -0.013803 -0.051597 -0.029162 -0.006728 -0.074967 -0.046228 -0.017489
0.950 -0.071398 -0.043458 -0.015519 -0.066121 -0.039592 -0.013063 -0.050582 -0.028296 -0.006010 -0.073889 -0.045322 -0.016755
0.960 -0.070315 -0.042547 -0.014779 -0.065046 -0.038685 -0.012323 -0.049577 -0.027436 -0.005295 -0.072816 -0.044419 -0.016022
0.970 -0.069239 -0.041640 -0.014041 -0.063980 -0.037783 -0.011586 -0.048584 -0.026583 -0.004583 -0.071749 -0.043519 -0.015289
0.980 -0.068171 -0.040738 -0.013304 -0.062922 -0.036887 -0.010852 -0.047601 -0.025737 -0.003874 -0.070688 -0.042623 -0.014558
0.990 -0.067110 -0.039840 -0.012569 -0.061874 -0.035997 -0.010119 -0.046629 -0.024899 -0.003169 -0.069633 -0.041731 -0.013828
1.000 -0.066057 -0.038947 -0.011837 -0.060835 -0.035112 -0.009389 -0.045668 -0.024068 -0.002467 -0.068586 -0.040843 -0.013100
1.010 -0.065013 -0.038060 -0.011106 -0.059805 -0.034234 -0.008662 -0.044719 -0.023244 -0.001769 -0.067546 -0.039960 -0.012374
1.020 -0.063977 -0.037178 -0.010378 -0.058785 -0.033362 -0.007938 -0.043781 -0.022427 -0.001074 -0.066513 -0.039081 -0.011650
1.030 -0.062950 -0.036302 -0.009653 -0.057775 -0.032496 -0.007217 -0.042854 -0.021618 -0.000383 -0.065489 -0.038208 -0.010927
1.040 -0.061933 -0.035431 -0.008930 -0.056775 -0.031637 -0.006499 -0.041938 -0.020817  0.000304 -0.064472 -0.037340 -0.010208
1.050 -0.060924 -0.034567 -0.008210 -0.055785 -0.030784 -0.005784 -0.041033 -0.020023  0.000988 -0.063464 -0.036477 -0.009490
1.060 -0.059924 -0.033708 -0.007492 -0.054805 -0.029939 -0.005072 -0.040139 -0.019236  0.001668 -0.062464 -0.035620 -0.008775
1.070 -0.058934 -0.032856 -0.006778 -0.053835 -0.029099 -0.004363 -0.039256 -0.018456  0.002344 -0.061473 -0.034768 -0.008062
1.080 -0.057953 -0.032009 -0.006066 -0.052876 -0.028267 -0.003658 -0.038384 -0.017684  0.003017 -0.060490 -0.033921 -0.007352
1.090 -0.056981 -0.031169 -0.005357 -0.051926 -0.027441 -0.002955 -0.037523 -0.016919  0.003686 -0.059516 -0.033080 -0.006645
1.100 -0.056019 -0.030335 -0.004651 -0.050986 -0.026621 -0.002256 -0.036672 -0.016160  0.004351 -0.058550 -0.032245 -0.005940
1.110 -0.055066 -0.029507 -0.003948 -0.050056 -0.025808 -0.001560 -0.035832 -0.015409  0.005013 -0.057593 -0.031415 -0.005238
1.120 -0.054122 -0.028685 -0.003247 -0.049136 -0.025002 -0.000868 -0.035001 -0.014665  0.005672 -0.056645 -0.030591 -0.004538
1.130 -0.053188 -0.027869 -0.002550 -0.048226 -0.024202 -0.000178 -0.034181 -0.013927  0.006327 -0.055705 -0.029773 -0.003841
1.140 -0.052262 -0.027059 -0.001856 -0.047326 -0.023409  0.000508 -0.033371 -0.013196  0.006978 -0.054773 -0.028960 -0.003147
1.150 -0.051346 -0.026255 -0.001165 -0.046435 -0.022622  0.001191 -0.032571 -0.012472  0.007627 -0.053850 -0.028153 -0.002456
1.160 -0.050438 -0.025457 -0.000476 -0.045553 -0.021841  0.001871 -0.031780 -0.011754  0.008272 -0.052936 -0.027351 -0.001767
1.170 -0.049540 -0.024665  0.000209 -0.044681 -0.021067  0.002548 -0.030999 -0.011043  0.008913 -0.052030 -0.026555 -0.001081
1.180 -0.048650 -0.023879  0.000892 -0.043818 -0.020298  0.003222 -0.030227 -0.010338  0.009552 -0.051132 -0.025765 -0.000397
1.190 -0.047769 -0.023098  0.001572 -0.042964 -0.019536  0.003892 -0.029464 -0.009638  0.010187 -0.050243 -0.024980  0.000283
1.200 -0.046896 -0.022324  0.002249 -0.042119 -0.018779  0.004560 -0.028710 -0.008945  0.010819 -0.049361 -0.024200  0.000962
1.210 -0.046032 -0.021555  0.002923 -0.041283 -0.018029  0.005225 -0.027965 -0.008258  0.011448 -0.048488 -0.023425  0.001637
1.220 -0.045176 -0.020791  0.003594 -0.040455 -0.017284  0.005886 -0.027228 -0.007577  0.012074 -0.047622 -0.022656  0.002310
1.230 -0.044329 -0.020033  0.004263 -0.039636 -0.016546  0.006545 -0.026500 -0.006902  0.012697 -0.046765 -0.021892  0.002980
1.240 -0.043490 -0.019281  0.004928 -0.038826 -0.015812  0.007201 -0.025780 -0.006232  0.013317 -0.045915 -0.021133  0.003648
1.250 -0.042659 -0.018534  0.005592 -0.038023 -0.015085  0.007854 -0.025069 -0.005568  0.013934 -0.045073 -0.020380  0.004313
1.260 -0.041835 -0.017792  0.006252 -0.037229 -0.014363  0.008504 -0.024366 -0.004909  0.014548 -0.044238 -0.019631  0.004976
1.270 -0.041020 -0.017055  0.006910 -0.036443 -0.013646  0.009151 -0.023670 -0.004255  0.015159 -0.043411 -0.018887  0.005636
1.280 -0.040212 -0.016324  0.007565 -0.035665 -0.012935  0.009796 -0.022983 -0.003607  0.015768 -0.042591 -0.018149  0.006294
1.290 -0.039412 -0.015597  0.008217 -0.034895 -0.012229  0.010437 -0.022303 -0.002964  0.016374 -0.041779 -0.017415  0.006950
1.300 -0.038619 -0.014876  0.008867 -0.034133 -0.011528  0.011077 -0.021630 -0.002327  0.016977 -0.040973 -0.016685  0.007602
1.310 -0.037834 -0.014160  0.009514 -0.033378 -0.010832  0.011713 -0.020965 -0.001694  0.017577 -0.040175 -0.015961  0.008253
1.320 -0.037056 -0.013448  0.010159 -0.032630 -0.010142  0.012347 -0.020307 -0.001066  0.018175 -0.039384 -0.015241  0.008901
1.330 -0.036285 -0.012742  0.010802 -0.031890 -0.009456  0.012978 -0.019657 -0.000443  0.018770 -0.038599 -0.014526  0.009547
1.340 -0.035522 -0.012040  0.011442 -0.031157 -0.008775  0.013607 -0.019013  0.000175  0.019363 -0.037822 -0.013816  0.010190
1.350 -0.034765 -0.011343  0.012079 -0.030431 -0.008099  0.014233 -0.018377  0.000788  0.019953 -0.037051 -0.013110  0.010832
1.360 -0.034015 -0.010650  0.012714 -0.029713 -0.007428  0.014856 -0.017747  0.001396  0.020540 -0.036287 -0.012408  0.011471
1.370 -0.033272 -0.009963  0.013347 -0.029001 -0.006762  0.015477 -0.017124  0.002000  0.021125 -0.035529 -0.011711  0.012107
1.380 -0.032536 -0.009279  0.013977 -0.028296 -0.006100  0.016096 -0.016508  0.002600  0.021708 -0.034778 -0.011018  0.012742
1.390 -0.031806 -0.008600  0.014605 -0.027598 -0.005443  0.016712 -0.015899  0.003195  0.022288 -0.034033 -0.010329  0.013374
1.400 -0.031083 -0.007926  0.015230 -0.026906 -0.004790  0.017326 -0.015296  0.003785  0.022865 -0.033294 -0.009645  0.014004
1.410 -0.030366 -0.007256  0.015854 -0.026221 -0.004142  0.017937 -0.014699  0.004371  0.023441 -0.032561 -0.008965  0.014632
1.420 -0.029655 -0.006590  0.016475 -0.025543 -0.003498  0.018546 -0.014109  0.004952  0.024014 -0.031835 -0.008289  0.015258
1.430 -0.028951 -0.005929  0.017094 -0.024870 -0.002859  0.019153 -0.013525  0.005530  0.024584 -0.031115 -0.007617  0.015881
1.440 -0.028253 -0.005272  0.017710 -0.024205 -0.002224  0.019757 -0.012947  0.006103  0.025152 -0.030401 -0.006949  0.016503
1.450 -0.027561 -0.004619  0.018324 -0.023545 -0.001593  0.020359 -0.012375  0.006672  0.025718 -0.029692 -0.006285  0.017122
1.460 -0.026876 -0.003970  0.018936 -0.022892 -0.000966  0.020959 -0.011809  0.007236  0.026281 -0.028990 -0.005625  0.017739
1.470 -0.026196 -0.003325  0.019546 -0.022245 -0.000344  0.021556 -0.011250  0.007797  0.026843 -0.028293 -0.004969  0.018355
1.480 -0.025522 -0.002684  0.020154 -0.021603  0.000274  0.022152 -0.010696  0.008353  0.027401 -0.027602 -0.004317  0.018968
1.490 -0.024854 -0.002047  0.020760 -0.020968  0.000888  0.022745 -0.010148  0.008905  0.027958 -0.026916 -0.003669  0.019579
1.500 -0.024192 -0.001414  0.021363 -0.020339  0.001498  0.023335 -0.009606  0.009453  0.028512 -0.026237 -0.003024  0.020188
1.510 -0.023536 -0.000786  0.021964 -0.019715  0.002104  0.023924 -0.009070  0.009997  0.029064 -0.025562 -0.002384  0.020795
1.520 -0.022885 -0.000161  0.022563 -0.019098  0.002706  0.024510 -0.008539  0.010537  0.029614 -0.024894 -0.001747  0.021400
1.530 -0.022240  0.000460  0.023160 -0.018486  0.003304  0.025094 -0.008015  0.011073  0.030162 -0.024231 -0.001114  0.022003
1.540 -0.021600  0.001077  0.023755 -0.017880  0.003898  0.025676 -0.007496  0.011606  0.030707 -0.023573 -0.000484  0.022604
1.550 -0.020966  0.001691  0.024348 -0.017279  0.004488  0.026255 -0.006982  0.012134  0.031250 -0.022920  0.000141  0.023203
1.560 -0.020338  0.002300  0.024939 -0.016684  0.005074  0.026833 -0.006474  0.012658  0.031791 -0.022273  0.000763  0.023800
1.570 -0.019715  0.002906  0.025527 -0.016095  0.005657  0.027408 -0.005972  0.013178  0.032329 -0.021631  0.001382  0.024395
1.580 -0.019098  0.003508  0.026114 -0.015511  0.006235  0.027981 -0.005475  0.013695  0.032865 -0.020995  0.001997  0.024988
1.590 -0.018486  0.004106  0.026698 -0.014933  0.006810  0.028552 -0.004984  0.014207  0.033399 -0.020363  0.002608  0.025579
1.600 -0.017879  0.004701  0.027280 -0.014360  0.007380  0.029121 -0.004499  0.014716  0.033931 -0.019737  0.003215  0.026168
1.610 -0.017277  0.005291  0.027860 -0.013793  0.007947  0.029687 -0.004019  0.015221  0.034460 -0.019116  0.003820  0.026755
1.620 -0.016681  0.005878  0.028438 -0.013231  0.008510  0.030251 -0.003544  0.015722  0.034987 -0.018500  0.004420  0.027340
1.630 -0.016091  0.006462  0.029014 -0.012674  0.009070  0.030814 -0.003075  0.016219  0.035512 -0.017889  0.005017  0.027923
1.640 -0.015505  0.007042  0.029588 -0.012123  0.009625  0.031374 -0.002611  0.016712  0.036035 -0.017284  0.005610  0.028504
1.650 -0.014925  0.007618  0.030160 -0.011578  0.010177  0.031931 -0.002153  0.017201  0.036555 -0.016683  0.006200  0.029084
1.660 -0.014350  0.008190  0.030730 -0.011037  0.010725  0.032487 -0.001700  0.017687  0.037073 -0.016087  0.006787  0.029661
1.670 -0.013780  0.008759  0.031297 -0.010502  0.011269  0.033040 -0.001253  0.018168  0.037589 -0.015497  0.007369  0.030236
1.680 -0.013215  0.009324  0.031863 -0.009972  0.011810  0.033592 -0.000811  0.018646  0.038102 -0.014911  0.007949  0.030809
1.690 -0.012656  0.009885  0.032426 -0.009448  0.012346  0.034141 -0.000374  0.019119  0.038613 -0.014331  0.008525  0.031380
1.700 -0.012102  0.010443  0.032987 -0.008929  0.012879  0.034687  0.000056  0.019589  0.039122 -0.013756  0.009097  0.031949
1.710 -0.011553  0.010997  0.033546 -0.008415  0.013408  0.035232  0.000482  0.020055  0.039628 -0.013185  0.009666  0.032516
1.720 -0.011009  0.011547  0.034103 -0.007907  0.013933  0.035774  0.000902  0.020517  0.040132 -0.012620  0.010231  0.033081
1.730 -0.010471  0.012094  0.034658 -0.007404  0.014455  0.036314  0.001316  0.020975  0.040633 -0.012059  0.010793  0.033644
1.740 -0.009937  0.012637  0.035211 -0.006907  0.014973  0.036852  0.001725  0.021428  0.041132 -0.011504  0.011351  0.034205
1.750 -0.009409  0.013176  0.035761 -0.006414  0.015486  0.037387  0.002128  0.021878  0.041628 -0.010954  0.011905  0.034764
1.760 -0.008886  0.013712  0.036309 -0.005927  0.015996  0.037920  0.002526  0.022324  0.042122 -0.010408  0.012456  0.035321
1.770 -0.008368  0.014243  0.036855 -0.005446  0.016502  0.038451  0.002918  0.022766  0.042614 -0.009868  0.013004  0.035876
1.780 -0.007856  0.014771  0.037399 -0.004970  0.017005  0.038979  0.003304  0.023203  0.043103 -0.009333  0.013547  0.036428
1.790 -0.007349  0.015296  0.037940 -0.004499  0.017503  0.039505  0.003685  0.023637  0.043589 -0.008803  0.014088  0.036978
1.800 -0.006847  0.015816  0.038479 -0.004034  0.017997  0.040029  0.004059  0.024066  0.044073 -0.008278  0.014624  0.037526
1.810 -0.006351  0.016333  0.039016 -0.003574  0.018488  0.040550  0.004428  0.024491  0.044554 -0.007758  0.015157  0.038072
1.820 -0.005859  0.016845  0.039550 -0.003120  0.018974  0.041069  0.004792  0.024912  0.045033 -0.007244  0.015686  0.038616
1.830 -0.005374  0.017354  0.040082 -0.002672  0.019456  0.041585  0.005149  0.025329  0.045508 -0.006735  0.016211  0.039158
1.840 -0.004894  0.017859  0.040612 -0.002229  0.019935  0.042098  0.005500  0.025741  0.045981 -0.006230  0.016733  0.039697
1.850 -0.004419  0.018360  0.041139 -0.001792  0.020409  0.042610  0.005846  0.026149  0.046452 -0.005732  0.017251  0.040234
1.860 -0.003950  0.018857  0.041664 -0.001360  0.020879  0.043118  0.006185  0.026552  0.046919 -0.005238  0.017765  0.040768
1.870 -0.003486  0.019350  0.042186 -0.000934  0.021345  0.043624  0.006518  0.026951  0.047384 -0.004750  0.018275  0.041300
1.880 -0.003028  0.019839  0.042706 -0.000515  0.021806  0.044128  0.006845  0.027345  0.047846 -0.004268  0.018781  0.041830
1.890 -0.002576  0.020324  0.043223 -0.000101  0.022264  0.044628  0.007166  0.027735  0.048304 -0.003790  0.019283  0.042357
1.900 -0.002129  0.020804  0.043738  0.000308  0.022717  0.045126  0.007480  0.028120  0.048760 -0.003319  0.019782  0.042882
1.910 -0.001688  0.021281  0.044250  0.000710  0.023165  0.045621  0.007788  0.028500  0.049213 -0.002853  0.020276  0.043404
1.920 -0.001254  0.021753  0.044759  0.001105  0.023609  0.046114  0.008089  0.028876  0.049663 -0.002393  0.020766  0.043924
1.930 -0.000825  0.022220  0.045266  0.001495  0.024049  0.046603  0.008384  0.029247  0.050109 -0.001938  0.021252  0.044441
1.940 -0.000402  0.022684  0.045769  0.001879  0.024484  0.047089  0.008672  0.029612  0.050553 -0.001490  0.021733  0.044956
1.950  0.000015  0.023143  0.046270  0.002256  0.024914  0.047573  0.008953  0.029973  0.050993 -0.001047  0.022210  0.045468
1.960  0.000425  0.023597  0.046768  0.002626  0.025340  0.048054  0.009227  0.030328  0.051430 -0.000610  0.022683  0.045977
1.970  0.000829  0.024046  0.047263  0.002990  0.025761  0.048531  0.009494  0.030679  0.051863 -0.000180  0.023151  0.046483
1.980  0.001227  0.024491  0.047756  0.003347  0.026176  0.049005  0.009754  0.031024  0.052293  0.000244  0.023615  0.046986
1.990  0.001618  0.024931  0.048245  0.003698  0.026587  0.049476  0.010006  0.031363  0.052720  0.000662  0.024074  0.047487
