0.020 -0.000000  0.000000  0.000000 -0.000000  0.000000  0.000000  0.050994  0.060920  0.070847 -4.000000  0.000000  4.000000
0.030 -0.000000  0.000000  0.000000 -0.000000  0.000000  0.000000  0.104434  0.122556  0.140678 -4.000000  0.000000  4.000000
0.040 -0.000000  0.000000  0.000000  0.010347  0.020981  0.031614  0.147405  0.171988  0.196571 -4.000000  0.000000  4.000000
0.050 -0.000000  0.000000  0.000000  0.100560  0.123551  0.146543  0.181450  0.211020  0.240589 -4.000000  0.000000  4.000000
0.060 -0.000000  0.000000  0.000000  0.175621  0.208538  0.241455  0.207907  0.241213  0.274519 -4.000000  0.000000  4.000000
0.070  0.038972  0.060071  0.081171  0.237538  0.278282  0.319027  0.227928  0.263917  0.299907 -3.978900  0.021100  4.021100
0.080  0.129702  0.161637  0.193571  0.288070  0.334837  0.381603  0.242514  0.280301  0.318087 -3.968065  0.031935  4.031935
0.090  0.205984  0.246512  0.287039  0.328762  0.380003  0.431244  0.252526  0.291370  0.330214 -3.959473  0.040527  4.040527
0.100  0.269649  0.316828  0.364007  0.360970  0.415362  0.469753  0.258711  0.297997  0.337283 -3.952821  0.047179  4.047179
0.110  0.252923  0.374469  0.496014  0.385883  0.442299  0.498715  0.261709  0.300931  0.340153  0.089337  0.121545  0.153753
0.120       nan       nan       nan  0.404540  0.462028  0.519516  0.262074  0.300818  0.339562  0.167296  0.206838  0.246380
0.130       nan       nan       nan  0.417857  0.475614  0.533372  0.260282  0.298214  0.336145  0.233305  0.278419  0.323533
0.140       nan       nan       nan  0.426630  0.483988  0.541346  0.256741  0.293595  0.330449  0.288835  0.337998  0.387161
0.150       nan       nan       nan  0.431561  0.487965  0.544368  0.251801  0.287370  0.322939  0.335194  0.387094  0.438995
0.160       nan       nan       nan  0.433259  0.488255  0.543252  0.245761  0.279888  0.314015  0.373541  0.427056  0.480571
0.170       nan       nan       nan  0.432257  0.485481  0.538706  0.238875  0.271445  0.304016  0.404907  0.459081  0.513255
0.180       nan       nan       nan  0.429020  0.480183  0.531347  0.231361  0.262295  0.293230  0.430204  0.484230  0.538256
0.190       nan       nan       nan  0.423951  0.472832  0.521713  0.223400  0.252651  0.281902  0.450242  0.503445  0.556648
0.200       nan       nan       nan  0.417403  0.463837  0.510271  0.215149  0.242693  0.270236  0.465735  0.517560  0.569385
0.210       nan       nan       nan  0.409677  0.453550  0.497424  0.206735  0.232570  0.258405  0.477318  0.527314  0.577310
0.220       nan       nan       nan  0.401036  0.442279  0.483522  0.198266  0.222409  0.246551  0.485548  0.533359  0.581171
0.230       nan       nan       nan  0.391705  0.430285  0.468864  0.189833  0.212312  0.234791  0.490916  0.536273  0.581630
0.240       nan       nan       nan  0.381878  0.417794  0.453711  0.181506  0.202364  0.223223  0.493854  0.536564  0.579274
0.250       nan       nan       nan  0.371718  0.405000  0.438282  0.173345  0.192634  0.211923  0.494738  0.534681  0.574624
0.260       nan       nan       nan  0.361365  0.392066  0.422767  0.165397  0.183176  0.200954  0.493895  0.531018  0.568141
0.270       nan       nan       nan  0.350935  0.379131  0.407326  0.157699  0.174032  0.190364  0.491606  0.525920  0.560235
0.280       nan       nan       nan  0.340525  0.366310  0.392096  0.150279  0.165234  0.180189  0.488109  0.519691  0.551273
0.290       nan       nan       nan  0.330213  0.353701  0.377190  0.143155  0.156806  0.170456  0.483605  0.512595  0.541586
0.300       nan       nan       nan  0.320063  0.341384  0.362705  0.136343  0.148763  0.161183  0.478256  0.504862  0.531468
0.310       nan       nan       nan  0.310121  0.329422  0.348722  0.129851  0.141116  0.152382  0.472192  0.496691  0.521190
0.320       nan       nan       nan  0.300424  0.317867  0.335310  0.123682  0.133869  0.144056  0.465517  0.488255  0.510993
0.330       nan       nan       nan  0.290994  0.306760  0.322526  0.117837  0.127022  0.136208  0.458315  0.479701  0.501087
0.340       nan       nan       nan  0.281844  0.296130  0.310416  0.112311  0.120572  0.128832  0.450668  0.471157  0.491645
0.350       nan       nan       nan  0.272981  0.286001  0.299021  0.107099  0.114511  0.121924  0.442667  0.462729  0.482791
0.360       nan       nan       nan  0.264402  0.276386  0.288369  0.102192  0.108832  0.115472  0.434424  0.454508  0.474593
0.370       nan       nan       nan  0.256108  0.267293  0.278478  0.097580  0.103522  0.109465  0.426067  0.446570  0.467072
0.380       nan       nan       nan  0.248101  0.258726  0.269350  0.093250  0.098571  0.103892  0.417735  0.438975  0.460215
0.390       nan       nan       nan  0.240392  0.250682  0.260971  0.089190  0.093963  0.098736  0.409561  0.431775  0.453989
0.400       nan       nan       nan  0.233001  0.243155  0.253310  0.085386  0.089685  0.093984  0.401661  0.425009  0.448357
0.410       nan       nan       nan  0.225952  0.236138  0.246324  0.081825  0.085722  0.089618  0.394130  0.418708  0.443285
0.420       nan       nan       nan  0.219275  0.229618  0.239961  0.078493  0.082057  0.085621  0.387043  0.412893  0.438743
0.430       nan       nan       nan  0.212991  0.223580  0.234170  0.075378  0.078676  0.081974  0.380454  0.407581  0.434707
0.440       nan       nan       nan  0.207119  0.218010  0.228902  0.072470  0.075563  0.078656  0.374403  0.402780  0.431156
0.450       nan       nan       nan  0.201670  0.212891  0.224112  0.069760  0.072703  0.075645  0.368917  0.398495  0.428072
0.460       nan       nan       nan  0.196644  0.208203  0.219762  0.067241  0.070079  0.072917  0.364009  0.394724  0.425438
0.470       nan       nan       nan  0.192040  0.203928  0.215816  0.064907  0.067677  0.070447  0.359687  0.391463  0.423238
0.480       nan       nan       nan  0.187849  0.200047  0.212244  0.062753  0.065483  0.068212  0.355950  0.388703  0.421456
0.490       nan       nan       nan  0.184058  0.196538  0.209018  0.060772  0.063481  0.066190  0.352791  0.386433  0.420075
0.500       nan       nan       nan  0.180652  0.193382  0.206112  0.058959  0.061659  0.064360  0.350200  0.384640  0.419080
0.510       nan       nan       nan  0.177615  0.190559  0.203503  0.057305  0.060004  0.062703  0.348163  0.383308  0.418453
0.520       nan       nan       nan  0.174927  0.188048  0.201169  0.055802  0.058502  0.061201  0.346660  0.382418  0.418176
0.530       nan       nan       nan  0.172570  0.185830  0.199090  0.054442  0.057141  0.059840  0.345674  0.381953  0.418233
0.540       nan       nan       nan  0.170523  0.183884  0.197245  0.053214  0.055910  0.058606  0.345181  0.381892  0.418604
0.550       nan       nan       nan  0.168767  0.182193  0.195618  0.052110  0.054798  0.057486  0.345159  0.382215  0.419271
0.560       nan       nan       nan  0.167281  0.180736  0.194191  0.051120  0.053795  0.056470  0.345582  0.382899  0.420216
0.570       nan       nan       nan  0.166045  0.179496  0.192946  0.050234  0.052890  0.055547  0.346427  0.383924  0.421420
0.580       nan       nan       nan  0.165041  0.178455  0.191869  0.049443  0.052075  0.054708  0.347666  0.385266  0.422865
0.590       nan       nan       nan  0.164248  0.177596  0.190944  0.048739  0.051341  0.053944  0.349275  0.386903  0.424531
0.600       nan       nan       nan  0.163649  0.176903  0.190157  0.048111  0.050680  0.053248  0.351226  0.388814  0.426401
0.610       nan       nan       nan  0.163225  0.176360  0.189495  0.047554  0.050083  0.052613  0.353494  0.390975  0.428456
0.620       nan       nan       nan  0.162959  0.175952  0.188945  0.047057  0.049544  0.052031  0.356053  0.393366  0.430679
0.630       nan       nan       nan  0.162834  0.175664  0.188494  0.046615  0.049057  0.051498  0.358877  0.395965  0.433053
0.640       nan       nan       nan  0.162835  0.175484  0.188132  0.046221  0.048614  0.051008  0.361940  0.398750  0.435559
0.650       nan       nan       nan  0.162945  0.175397  0.187848  0.045867  0.048211  0.050555  0.365219  0.401701  0.438182
0.660       nan       nan       nan  0.163152  0.175391  0.187631  0.045548  0.047842  0.050135  0.368688  0.404797  0.440906
0.670       nan       nan       nan  0.163439  0.175456  0.187472  0.045258  0.047501  0.049744  0.372324  0.408020  0.443716
0.680       nan       nan       nan  0.163796  0.175579  0.187363  0.044992  0.047185  0.049378  0.376103  0.411349  0.446595
0.690       nan       nan       nan  0.164208  0.175751  0.187293  0.044746  0.046890  0.049034  0.380005  0.414768  0.449531
0.700       nan       nan       nan  0.164665  0.175961  0.187257  0.044514  0.046611  0.048707  0.384006  0.418258  0.452509
0.710       nan       nan       nan  0.165155  0.176201  0.187247  0.044293  0.046345  0.048396  0.388086  0.421801  0.455516
0.720       nan       nan       nan  0.165668  0.176461  0.187255  0.044080  0.046089  0.048098  0.392226  0.425383  0.458540
0.730       nan       nan       nan  0.166194  0.176735  0.187276  0.043870  0.045840  0.047809  0.396405  0.428987  0.461569
0.740       nan       nan       nan  0.166724  0.177014  0.187304  0.043661  0.045595  0.047529  0.400605  0.432598  0.464590
0.750       nan       nan       nan  0.167249  0.177291  0.187334  0.043451  0.045353  0.047254  0.404808  0.436202  0.467595
0.760       nan       nan       nan  0.167762  0.177561  0.187360  0.043238  0.045111  0.046984  0.408998  0.439785  0.470572
0.770       nan       nan       nan  0.168256  0.177817  0.187379  0.043018  0.044867  0.046715  0.413158  0.443335  0.473513
0.780       nan       nan       nan  0.168723  0.178054  0.187386  0.042791  0.044619  0.046447  0.417273  0.446840  0.476408
0.790       nan       nan       nan  0.169157  0.178267  0.187378  0.042556  0.044367  0.046178  0.421328  0.450288  0.479249
0.800       nan       nan       nan  0.169553  0.178452  0.187351  0.042311  0.044109  0.045907  0.425309  0.453669  0.482029
0.810       nan       nan       nan  0.169906  0.178604  0.187302  0.042055  0.043843  0.045632  0.429204  0.456972  0.484740
0.820       nan       nan       nan  0.170211  0.178720  0.187228  0.041787  0.043570  0.045352  0.432999  0.460187  0.487375
0.830       nan       nan       nan  0.170464  0.178796  0.187127  0.041508  0.043287  0.045067  0.436684  0.463306  0.489929
0.840       nan       nan       nan  0.170662  0.178829  0.186997  0.041217  0.042996  0.044774  0.440248  0.466322  0.492395
0.850       nan       nan       nan  0.170801  0.178818  0.186834  0.040913  0.042694  0.044474  0.443681  0.469225  0.494769
0.860       nan       nan       nan  0.170879  0.178759  0.186638  0.040597  0.042382  0.044166  0.446972  0.472009  0.497046
0.870       nan       nan       nan  0.170894  0.178650  0.186406  0.040269  0.042059  0.043848  0.450115  0.474668  0.499220
0.880       nan       nan       nan  0.170844  0.178491  0.186137  0.039929  0.041725  0.043521  0.453101  0.477195  0.501289
0.890       nan       nan       nan  0.170728  0.178279  0.185829  0.039576  0.041380  0.043184  0.455923  0.479585  0.503248
0.900       nan       nan       nan  0.170545  0.178013  0.185480  0.039212  0.041024  0.042836  0.458574  0.481834  0.505093
0.910       nan       nan       nan  0.170295  0.177693  0.185090  0.038837  0.040658  0.042479  0.461050  0.483936  0.506822
0.920       nan       nan       nan  0.169978  0.177317  0.184656  0.038451  0.040280  0.042110  0.463345  0.485888  0.508432
0.930       nan       nan       nan  0.169593  0.176886  0.184178  0.038054  0.039892  0.041730  0.465456  0.487687  0.509918
0.940       nan       nan       nan  0.169141  0.176398  0.183655  0.037647  0.039494  0.041340  0.467379  0.489329  0.511279
0.950       nan       nan       nan  0.168624  0.175855  0.183086  0.037230  0.039085  0.040939  0.469111  0.490812  0.512512
0.960       nan       nan       nan  0.168042  0.175255  0.182469  0.036805  0.038666  0.040528  0.470650  0.492133  0.513615
0.970       nan       nan       nan  0.167395  0.174600  0.181805  0.036370  0.038238  0.040106  0.471996  0.493290  0.514585
0.980       nan       nan       nan  0.166687  0.173889  0.181092  0.035927  0.037801  0.039675  0.473147  0.494283  0.515419
0.990       nan       nan       nan  0.165917  0.173124  0.180330  0.035477  0.037355  0.039233  0.474103  0.495109  0.516116
1.000       nan       nan       nan  0.165088  0.172304  0.179520  0.035019  0.036901  0.038782  0.474865  0.495769  0.516673
1.010       nan       nan       nan  0.164201  0.171430  0.178660  0.034555  0.036439  0.038322  0.475435  0.496262  0.517089
1.020       nan       nan       nan  0.163258  0.170504  0.177751  0.034084  0.035969  0.037854  0.475812  0.496587  0.517362
1.030       nan       nan       nan  0.162261  0.169527  0.176793  0.033608  0.035493  0.037377  0.475999  0.496745  0.517490
1.040       nan       nan       nan  0.161211  0.168499  0.175786  0.033127  0.035010  0.036893  0.475999  0.496735  0.517472
1.050       nan       nan       nan  0.160111  0.167421  0.174731  0.032641  0.034521  0.036402  0.475813  0.496560  0.517306
1.060       nan       nan       nan  0.158962  0.166295  0.173628  0.032151  0.034027  0.035903  0.475446  0.496219  0.516992
1.070       nan       nan       nan  0.157766  0.165122  0.172479  0.031658  0.033528  0.035399  0.474899  0.495713  0.516528
1.080       nan       nan       nan  0.156525  0.163904  0.171283  0.031161  0.033025  0.034889  0.474176  0.495045  0.515915
1.090       nan       nan       nan  0.155241  0.162641  0.170041  0.030661  0.032517  0.034373  0.473280  0.494215  0.515151
1.100       nan       nan       nan  0.153916  0.161336  0.168756  0.030159  0.032006  0.033853  0.472215  0.493226  0.514236
1.110       nan       nan       nan  0.152551  0.159989  0.167427  0.029656  0.031493  0.033329  0.470985  0.492079  0.513172
1.120       nan       nan       nan  0.151149  0.158602  0.166056  0.029151  0.030976  0.032801  0.469594  0.490776  0.511958
1.130       nan       nan       nan  0.149711  0.157178  0.164644  0.028645  0.030458  0.032270  0.468045  0.489319  0.510594
1.140       nan       nan       nan  0.148239  0.155716  0.163193  0.028139  0.029938  0.031737  0.466342  0.487712  0.509082
1.150       nan       nan       nan  0.146735  0.154219  0.161703  0.027633  0.029417  0.031201  0.464489  0.485956  0.507423
1.160       nan       nan       nan  0.145200  0.152689  0.160177  0.027128  0.028896  0.030664  0.462490  0.484054  0.505619
1.170       nan       nan       nan  0.143637  0.151126  0.158615  0.026623  0.028374  0.030125  0.460349  0.482009  0.503669
1.180       nan       nan       nan  0.142047  0.149533  0.157020  0.026119  0.027852  0.029586  0.458070  0.479824  0.501578
1.190       nan       nan       nan  0.140431  0.147912  0.155392  0.025616  0.027331  0.029046  0.455657  0.477501  0.499346
1.200       nan       nan       nan  0.138792  0.146263  0.153733  0.025116  0.026811  0.028507  0.453114  0.475045  0.496975
1.210       nan       nan       nan  0.137131  0.144588  0.152045  0.024617  0.026293  0.027969  0.450445  0.472457  0.494468
1.220       nan       nan       nan  0.135450  0.142890  0.150330  0.024122  0.025776  0.027431  0.447654  0.469741  0.491828
1.230       nan       nan       nan  0.133749  0.141169  0.148588  0.023628  0.025262  0.026895  0.444745  0.466901  0.489057
1.240       nan       nan       nan  0.132032  0.139427  0.146821  0.023139  0.024750  0.026361  0.441721  0.463939  0.486157
1.250       nan       nan       nan  0.130299  0.137665  0.145032  0.022652  0.024240  0.025829  0.438588  0.460860  0.483132
1.260       nan       nan       nan  0.128551  0.135886  0.143221  0.022169  0.023734  0.025299  0.435347  0.457666  0.479985
1.270       nan       nan       nan  0.126791  0.134091  0.141391  0.021690  0.023231  0.024773  0.432004  0.454361  0.476718
1.280       nan       nan       nan  0.125019  0.132280  0.139542  0.021215  0.022732  0.024249  0.428563  0.450949  0.473336
1.290       nan       nan       nan  0.123237  0.130457  0.137676  0.020744  0.022237  0.023730  0.425026  0.447433  0.469840
1.300       nan       nan       nan  0.121447  0.128621  0.135795  0.020278  0.021746  0.023214  0.421398  0.443816  0.466235
1.310       nan       nan       nan  0.119650  0.126775  0.133900  0.019817  0.021260  0.022702  0.417682  0.440103  0.462523
1.320       nan       nan       nan  0.117846  0.124920  0.131994  0.019361  0.020778  0.022195  0.413883  0.436296  0.458709
1.330       nan       nan       nan  0.116038  0.123057  0.130076  0.018910  0.020301  0.021693  0.410004  0.432400  0.454795
1.340       nan       nan       nan  0.114226  0.121187  0.128149  0.018464  0.019829  0.021195  0.406048  0.428417  0.450786
1.350       nan       nan       nan  0.112412  0.119313  0.126214  0.018023  0.019363  0.020703  0.402020  0.424352  0.446685
1.360       nan       nan       nan  0.110596  0.117434  0.124272  0.017589  0.018902  0.020216  0.397921  0.420208  0.442495
1.370       nan       nan       nan  0.108781  0.115553  0.122325  0.017159  0.018447  0.019734  0.393758  0.415989  0.438220
1.380       nan       nan       nan  0.106966  0.113671  0.120375  0.016736  0.017997  0.019258  0.389531  0.411698  0.433864
1.390       nan       nan       nan  0.105154  0.111788  0.118421  0.016319  0.017554  0.018788  0.385246  0.407338  0.429430
1.400       nan       nan       nan  0.103345  0.109906  0.116467  0.015907  0.017116  0.018325  0.380906  0.402914  0.424921
1.410       nan       nan       nan  0.101540  0.108026  0.114512  0.015502  0.016685  0.017867  0.376513  0.398428  0.420343
1.420       nan       nan       nan  0.099740  0.106149  0.112558  0.015103  0.016260  0.017416  0.372071  0.393884  0.415697
1.430       nan       nan       nan  0.097946  0.104276  0.110607  0.014711  0.015841  0.016971  0.367584  0.389286  0.410987
1.440       nan       nan       nan  0.096159  0.102409  0.108659  0.014324  0.015428  0.016533  0.363054  0.384636  0.406218
1.450       nan       nan       nan  0.094380  0.100547  0.106715  0.013944  0.015023  0.016101  0.358485  0.379939  0.401393
1.460       nan       nan       nan  0.092609  0.098693  0.104777  0.013571  0.014624  0.015676  0.353880  0.375197  0.396515
1.470       nan       nan       nan  0.090847  0.096847  0.102846  0.013203  0.014231  0.015259  0.349242  0.370414  0.391587
1.480       nan       nan       nan  0.089096  0.095009  0.100922  0.012843  0.013845  0.014847  0.344573  0.365594  0.386614
1.490       nan       nan       nan  0.087356  0.093181  0.099006  0.012489  0.013466  0.014443  0.339877  0.360738  0.381598
1.500       nan       nan       nan  0.085627  0.091364  0.097100  0.012141  0.013094  0.014046  0.335158  0.355850  0.376543
1.510       nan       nan       nan  0.083910  0.089557  0.095204  0.011800  0.012728  0.013656  0.330416  0.350935  0.371453
1.520       nan       nan       nan  0.082207  0.087763  0.093320  0.011465  0.012369  0.013273  0.325656  0.345993  0.366330
1.530       nan       nan       nan  0.080516  0.085982  0.091447  0.011137  0.012017  0.012897  0.320880  0.341029  0.361177
1.540       nan       nan       nan  0.078840  0.084214  0.089587  0.010815  0.011672  0.012528  0.316091  0.336045  0.355999
1.550       nan       nan       nan  0.077179  0.082460  0.087741  0.010500  0.011334  0.012167  0.311292  0.331045  0.350798
1.560       nan       nan       nan  0.075533  0.080721  0.085908  0.010192  0.011002  0.011812  0.306484  0.326031  0.345577
1.570       nan       nan       nan  0.073902  0.078997  0.084091  0.009889  0.010677  0.011465  0.301671  0.321005  0.340339
1.580       nan       nan       nan  0.072288  0.077288  0.082289  0.009594  0.010359  0.011124  0.296855  0.315971  0.335088
1.590       nan       nan       nan  0.070690  0.075597  0.080504  0.009304  0.010047  0.010791  0.292038  0.310932  0.329825
1.600       nan       nan       nan  0.069109  0.073922  0.078735  0.009021  0.009743  0.010464  0.287223  0.305889  0.324555
1.610       nan       nan       nan  0.067545  0.072264  0.076983  0.008744  0.009444  0.010145  0.282412  0.300846  0.319280
1.620       nan       nan       nan  0.065999  0.070625  0.075250  0.008473  0.009153  0.009832  0.277607  0.295805  0.314002
1.630       nan       nan       nan  0.064472  0.069003  0.073535  0.008209  0.008868  0.009527  0.272811  0.290768  0.308725
1.640       nan       nan       nan  0.062963  0.067400  0.071838  0.007950  0.008589  0.009228  0.268025  0.285738  0.303450
1.650       nan       nan       nan  0.061472  0.065817  0.070161  0.007698  0.008317  0.008936  0.263252  0.280717  0.298181
1.660       nan       nan       nan  0.060001  0.064252  0.068503  0.007451  0.008051  0.008651  0.258494  0.275707  0.292921
1.670       nan       nan       nan  0.058549  0.062707  0.066866  0.007210  0.007792  0.008373  0.253752  0.270711  0.287670
1.680       nan       nan       nan  0.057116  0.061182  0.065249  0.006976  0.007538  0.008101  0.249028  0.265731  0.282433
1.690       nan       nan       nan  0.055703  0.059678  0.063652  0.006747  0.007291  0.007836  0.244326  0.260768  0.277211
1.700       nan       nan       nan  0.054310  0.058194  0.062077  0.006523  0.007050  0.007577  0.239645  0.255826  0.272006
1.710       nan       nan       nan  0.052937  0.056730  0.060523  0.006306  0.006815  0.007324  0.234988  0.250905  0.266822
1.720       nan       nan       nan  0.051584  0.055288  0.058991  0.006094  0.006586  0.007078  0.230357  0.246008  0.261659
1.730       nan       nan       nan  0.050252  0.053866  0.057480  0.005887  0.006363  0.006838  0.225752  0.241136  0.256520
1.740       nan       nan       nan  0.048940  0.052466  0.055992  0.005686  0.006145  0.006604  0.221177  0.236292  0.251407
1.750       nan       nan       nan  0.047649  0.051087  0.054525  0.005490  0.005933  0.006377  0.216632  0.231477  0.246322
1.760       nan       nan       nan  0.046378  0.049730  0.053082  0.005299  0.005727  0.006155  0.212119  0.226693  0.241267
1.770       nan       nan       nan  0.045128  0.048394  0.051660  0.005113  0.005526  0.005939  0.207639  0.221942  0.236244
1.780       nan       nan       nan  0.043899  0.047080  0.050261  0.004932  0.005331  0.005729  0.203194  0.217224  0.231254
1.790       nan       nan       nan  0.042690  0.045788  0.048886  0.004757  0.005141  0.005525  0.198784  0.212542  0.226300
1.800       nan       nan       nan  0.041503  0.044518  0.047532  0.004586  0.004956  0.005326  0.194412  0.207897  0.221382
1.810       nan       nan       nan  0.040336  0.043269  0.046202  0.004420  0.004776  0.005133  0.190078  0.203290  0.216503
1.820       nan       nan       nan  0.039190  0.042042  0.044895  0.004259  0.004602  0.004945  0.185783  0.198724  0.211664
1.830       nan       nan       nan  0.038065  0.040838  0.043611  0.004102  0.004432  0.004763  0.181530  0.194198  0.206866
1.840       nan       nan       nan  0.036960  0.039655  0.042349  0.003950  0.004268  0.004586  0.177318  0.189715  0.202112
1.850       nan       nan       nan  0.035877  0.038494  0.041111  0.003802  0.004108  0.004414  0.173148  0.185275  0.197402
1.860       nan       nan       nan  0.034814  0.037355  0.039896  0.003659  0.003953  0.004247  0.169023  0.180880  0.192737
1.870       nan       nan       nan  0.033771  0.036237  0.038703  0.003519  0.003802  0.004084  0.164942  0.176530  0.188119
1.880       nan       nan       nan  0.032749  0.035141  0.037534  0.003385  0.003656  0.003927  0.160907  0.172228  0.183549
1.890       nan       nan       nan  0.031747  0.034067  0.036387  0.003254  0.003514  0.003775  0.156918  0.167973  0.179029
1.900       nan       nan       nan  0.030766  0.033014  0.035263  0.003127  0.003377  0.003627  0.152976  0.163767  0.174558
1.910       nan       nan       nan  0.029805  0.031983  0.034162  0.003004  0.003244  0.003484  0.149082  0.159611  0.170140
1.920       nan       nan       nan  0.028863  0.030973  0.033083  0.002885  0.003115  0.003345  0.145237  0.155505  0.165773
1.930       nan       nan       nan  0.027942  0.029984  0.032027  0.002769  0.002990  0.003210  0.141441  0.151450  0.161460
1.940       nan       nan       nan  0.027041  0.029017  0.030993  0.002658  0.002869  0.003080  0.137695  0.147448  0.157200
1.950       nan       nan       nan  0.026159  0.028070  0.029981  0.002550  0.002752  0.002954  0.134000  0.143498  0.152996
1.960       nan       nan       nan  0.025296  0.027144  0.028991  0.002445  0.002639  0.002832  0.130356  0.139602  0.148848
1.970       nan       nan       nan  0.024453  0.026238  0.028023  0.002344  0.002529  0.002714  0.126763  0.135759  0.144756
1.980       nan       nan       nan  0.023629  0.025353  0.027077  0.002246  0.002423  0.002600  0.123222  0.131971  0.140721
1.990       nan       nan       nan  0.022824  0.024488  0.026152  0.002151  0.002321  0.002490  0.119734  0.128239  0.136743
